L	5.54	-3.79	0.00	-2.35	-4.52	-2.68	-0.97	-21.88	0.00	2.84	-2.96	-1.63	1.92	-5.02	-2.43	-6.02	-0.93	-6.45	0.08	-1.93	-2.65	-5.73	-3.56	-2.05	-6.88	-5.08	-1.97	-2.95	-1.02	-2.06	0.98	-6.13	-3.38	-1.63	-4.88	-3.26	-1.02	-0.37	-8.75	-20.00	1.86	-0.54	-0.20	-8.75	-0.75	-8.75	-8.75	-8.75	-8.75
N	-3.79	3.66	2.19	-4.65	-6.57	-2.17	-5.92	-21.88	0.00	-1.16	-3.63	-3.28	-0.72	-0.47	0.80	-8.08	-1.40	-5.41	-4.10	-2.02	-1.94	-6.40	-4.93	-0.52	-7.55	-2.88	-5.64	-1.91	-1.67	-2.45	-2.38	-4.50	-2.00	-2.79	-2.57	-0.54	-2.72	-2.30	-8.75	-20.00	-3.13	-1.90	-0.45	-8.75	-0.12	-8.75	-8.75	-8.75	-8.75
H	0.00	2.19	10.00	-8.31	-8.31	0.00	0.00	-21.88	0.00	0.00	0.00	0.00	0.44	0.44	3.94	-8.31	0.00	-8.31	0.00	0.00	0.00	-8.31	0.00	0.00	-8.31	0.00	0.00	0.44	0.44	0.00	0.00	-8.31	0.00	0.00	0.00	0.00	0.00	0.00	-8.75	-20.00	0.00	-8.75	-8.75	-8.75	0.00	-8.75	-8.75	-8.75	-8.75
I	-2.35	-4.65	-8.31	2.71	-0.19	-4.84	-4.93	-21.88	0.00	-4.16	-5.13	-5.88	-7.55	-7.88	-5.27	0.06	-4.80	-0.33	-3.70	-6.83	-5.74	-0.36	-5.73	-6.93	-0.05	-6.15	-5.74	-5.11	-2.69	-5.33	-7.17	-0.12	-4.45	-4.15	-5.95	-3.82	-4.95	-3.34	-8.75	-20.00	-1.25	-2.70	-3.68	-8.75	-3.78	-8.75	-8.75	-8.75	-8.75
E	-4.52	-6.57	-8.31	-0.19	2.65	-4.37	-5.55	-21.88	0.00	-3.69	-4.65	-5.40	-5.69	-6.02	-6.29	-0.65	-6.63	-0.51	-4.83	-7.45	-6.65	0.86	-5.25	-6.45	-0.23	-6.77	-5.27	-5.33	-5.29	-3.24	-7.39	-1.79	-5.07	-6.03	-6.57	-3.85	-7.11	-6.76	-8.75	-20.00	-3.86	-2.23	-5.15	-8.75	-6.08	-8.75	-8.75	-8.75	-8.75
G	-2.68	-2.17	0.00	-4.84	-4.37	5.45	-1.51	-21.88	0.00	-1.85	-1.42	-1.95	-1.71	-3.26	-4.74	-5.87	0.91	-6.30	-1.61	-0.98	-1.67	-5.58	-3.41	-1.35	-6.04	-4.24	-3.43	2.99	-0.58	-3.01	-5.55	-5.28	-2.13	-1.14	-4.73	3.70	-0.24	-3.13	-8.75	-20.00	-1.33	-0.39	-3.31	-8.75	0.50	-8.75	-8.75	-8.75	-8.75
C	-0.97	-5.92	0.00	-4.93	-5.55	-1.51	4.69	-21.88	0.00	1.05	1.84	1.39	-1.74	-3.06	-3.89	-4.75	-1.54	-6.79	1.21	-0.26	-1.01	-6.76	-4.59	-4.18	-7.91	-3.41	2.09	-0.47	-1.49	-1.89	0.44	-7.16	-3.72	-6.07	-2.66	-3.60	-3.37	0.24	-8.75	-20.00	-3.20	-1.57	0.69	-8.75	-1.33	-8.75	-8.75	-8.75	-8.75
_	-21.88	-21.88	-21.88	-21.88	-21.88	-21.88	-21.88	0.00	-21.88	-21.88	-21.88	-21.88	-21.88	-21.88	-21.88	-21.88	-21.88	-21.88	-21.88	-21.88	-21.88	-21.88	-21.88	-21.88	-21.88	-21.88	-21.88	-21.88	-21.88	-21.88	-21.88	-21.88	-21.88	-21.88	-21.88	-21.88	-21.88	-21.88	-21.88	-20.00	-21.88	-21.88	-21.88	-21.88	-21.88	-21.88	-21.88	-21.88	-21.88
X	0.00	0.00	0.00	0.00	0.00	0.00	0.00	-21.88	0.00	0.00	0.00	0.00	0.00	0.00	0.00	0.00	0.00	0.00	0.00	0.00	0.00	0.00	0.00	0.00	0.00	0.00	0.00	0.00	0.00	0.00	0.00	0.00	0.00	0.00	0.00	0.00	0.00	0.00	-2.19	-20.00	0.00	-8.75	-8.75	-8.75	0.00	-8.75	-8.75	-8.75	-8.75
Z	2.84	-1.16	0.00	-4.16	-3.69	-1.85	1.05	-21.88	0.00	5.11	1.40	1.26	-0.72	-4.88	-3.77	-5.19	-0.50	-4.52	3.38	-2.73	-1.18	-4.90	-2.73	1.12	-6.05	-4.25	0.78	-1.71	0.41	2.39	-2.67	-5.30	-1.45	-2.41	-4.05	-2.43	-0.93	-2.04	-8.75	-20.00	-1.34	0.29	-1.24	-8.75	-1.76	-8.75	-8.75	-8.75	-8.75
T	-2.96	-3.63	0.00	-5.13	-4.65	-1.42	1.84	-21.88	0.00	1.40	3.52	0.58	-1.91	-5.85	-5.43	-6.15	-3.46	-4.97	2.11	-1.17	-0.48	-5.17	-1.75	-2.59	-7.01	-2.13	1.50	-1.83	0.33	0.89	-1.40	-6.26	-2.82	-4.47	-1.17	-3.39	-2.09	-1.87	-8.75	-20.00	-1.61	-0.67	-1.80	-8.75	-4.52	-8.75	-8.75	-8.75	-8.75
S	-1.63	-3.28	0.00	-5.88	-5.40	-1.95	1.39	-21.88	0.00	1.26	0.58	4.76	-3.22	-2.71	-4.17	-6.90	-0.23	-7.33	0.10	-1.67	-4.45	-6.61	-2.65	-3.56	-5.37	-4.36	-0.03	1.53	-1.29	-1.56	-2.48	-6.32	-3.57	-5.92	-4.38	-2.53	-2.70	1.56	-8.75	-20.00	-3.05	-1.42	-4.34	-8.75	-3.66	-8.75	-8.75	-8.75	-8.75
l	1.92	-0.72	0.44	-7.55	-5.69	-1.71	-1.74	-21.88	0.00	-0.72	-1.91	-3.22	3.39	-2.54	-1.16	-8.58	-1.22	-6.17	0.94	-1.37	1.18	-5.98	-3.07	-0.62	-7.49	-1.51	-2.80	-0.84	-0.62	-0.42	-1.02	-6.74	-2.94	-2.11	-0.86	-1.64	0.75	-1.69	-8.75	-20.00	-1.68	-3.09	-3.02	-8.75	-0.90	-8.75	-8.75	-8.75	-8.75
m	-5.02	-0.47	0.44	-7.88	-6.02	-3.26	-3.06	-21.88	0.00	-4.88	-5.85	-2.71	-2.54	2.94	-1.38	-8.91	-3.65	-6.63	-2.77	-3.09	-3.04	-8.62	-0.61	-3.61	-9.08	-1.17	-6.47	-6.53	-3.28	-4.67	-3.38	-9.01	-2.44	-2.77	-0.74	-0.39	-3.89	-2.90	-8.75	-20.00	-3.45	-3.43	-2.91	-8.75	-1.35	-8.75	-8.75	-8.75	-8.75
n	-2.43	0.80	3.94	-5.27	-6.29	-4.74	-3.89	-21.88	0.00	-3.77	-5.43	-4.17	-1.16	-1.38	2.59	-8.09	-2.47	-5.20	-3.82	-3.44	-1.79	-5.85	-4.65	-2.97	-8.10	-4.78	-4.44	-1.24	-1.96	-2.25	-2.30	-6.89	-3.71	-4.46	-4.16	-4.12	-1.67	-2.56	-8.75	-20.00	-4.24	-0.33	0.32	-8.75	-1.18	-8.75	-8.75	-8.75	-8.75
o	-6.02	-8.08	-8.31	0.06	-0.65	-5.87	-4.75	-21.88	0.00	-5.19	-6.15	-6.90	-8.58	-8.91	-8.09	2.21	-4.24	-1.53	-6.34	-8.26	-7.46	-0.64	-6.75	-7.95	-0.41	-8.28	-6.77	-6.83	-7.49	-4.57	-8.89	0.70	-3.58	-2.87	-8.08	-5.76	-8.62	-8.26	-8.75	-20.00	-4.27	-3.73	-6.65	-8.75	-4.08	-8.75	-8.75	-8.75	-8.75
h	-0.93	-1.40	0.00	-4.80	-6.63	0.91	-1.54	-21.88	0.00	-0.50	-3.46	-0.23	-1.22	-3.65	-2.47	-4.24	3.03	-3.86	-1.15	-1.03	-1.06	-6.46	1.30	-0.92	-5.06	-1.56	-2.29	1.48	-0.74	-0.91	-1.70	-6.29	-0.31	-0.49	-1.66	-1.26	0.15	0.37	-8.75	-20.00	-1.65	-2.65	-2.28	-8.75	0.64	-8.75	-8.75	-8.75	-8.75
i	-6.45	-5.41	-8.31	-0.33	-0.51	-6.30	-6.79	-21.88	0.00	-4.52	-4.97	-7.33	-6.17	-6.63	-5.20	-1.53	-3.86	2.19	-3.10	-6.67	-8.58	-0.10	-7.18	-6.18	-2.04	-7.32	-4.80	-6.16	-0.52	-3.53	-6.54	-1.03	-5.21	-6.57	-8.50	-6.19	-5.55	-6.05	-8.75	-20.00	-5.10	-4.16	-4.68	-8.75	-4.16	-8.75	-8.75	-8.75	-8.75
j	0.08	-4.10	0.00	-3.70	-4.83	-1.61	1.21	-21.88	0.00	3.38	2.11	0.10	0.94	-2.77	-3.82	-6.34	-1.15	-3.10	4.78	-2.31	0.95	-6.05	-2.27	-0.93	-6.50	-1.26	0.61	-1.32	1.26	2.50	-2.43	-6.44	-3.70	-2.21	-4.51	-3.58	-1.79	-0.81	-8.75	-20.00	-1.79	-0.85	-0.94	-8.75	0.14	-8.75	-8.75	-8.75	-8.75
k	-1.93	-2.02	0.00	-6.83	-7.45	-0.98	-0.26	-21.88	0.00	-2.73	-1.17	-1.67	-1.37	-3.09	-3.44	-8.26	-1.03	-6.67	-2.31	2.83	-1.91	-6.58	-2.23	0.45	-6.72	-2.43	-1.69	0.10	-2.30	-3.46	-0.97	-8.37	-2.14	-3.13	-1.67	1.19	-3.36	-1.27	-8.75	-20.00	-1.85	-3.47	-3.06	-8.75	0.20	-8.75	-8.75	-8.75	-8.75
d	-2.65	-1.94	0.00	-5.74	-6.65	-1.67	-1.01	-21.88	0.00	-1.18	-0.48	-4.45	1.18	-3.04	-1.79	-7.46	-1.06	-8.58	0.95	-1.91	3.81	-5.56	-2.13	-0.93	-7.91	-2.04	-1.42	-2.30	-1.89	0.46	0.38	-8.26	-1.16	-2.96	-3.68	-1.75	0.83	-0.85	-8.75	-20.00	1.03	-1.28	-2.95	-8.75	-1.37	-8.75	-8.75	-8.75	-8.75
e	-5.73	-6.40	-8.31	-0.36	0.86	-5.58	-6.76	-21.88	0.00	-4.90	-5.17	-6.61	-5.98	-8.62	-5.85	-0.64	-6.46	-0.10	-6.05	-6.58	-5.56	2.34	-6.47	-6.57	-0.61	-7.99	-6.48	-6.54	-4.02	-6.07	-7.91	-1.89	-6.28	-6.33	-7.79	-6.17	-8.33	-7.97	-8.75	-20.00	-4.38	-3.44	-6.36	-8.75	-5.21	-8.75	-8.75	-8.75	-8.75
f	-3.56	-4.93	0.00	-5.73	-5.25	-3.41	-4.59	-21.88	0.00	-2.73	-1.75	-2.65	-3.07	-0.61	-4.65	-6.75	1.30	-7.18	-2.27	-2.23	-2.13	-6.47	4.77	-3.10	-7.62	0.10	-4.31	-1.48	-5.03	-1.95	-2.74	-5.25	2.02	-0.83	0.43	-4.00	-3.76	-1.83	-8.75	-20.00	-1.81	-1.27	-4.19	-8.75	-1.51	-8.75	-8.75	-8.75	-8.75
g	-2.05	-0.52	0.00	-6.93	-6.45	-1.35	-4.18	-21.88	0.00	1.12	-2.59	-3.56	-0.62	-3.61	-2.97	-7.95	-0.92	-6.18	-0.93	0.45	-0.93	-6.57	-3.10	3.22	-8.81	-0.56	-3.11	-0.11	-1.51	-1.00	-3.07	-8.06	-2.14	-1.43	-1.87	0.81	-0.40	-1.10	-8.75	-20.00	-4.10	-2.47	-4.29	-8.75	0.00	-8.75	-8.75	-8.75	-8.75
a	-6.88	-7.55	-8.31	-0.05	-0.23	-6.04	-7.91	-21.88	0.00	-6.05	-7.01	-5.37	-7.49	-9.08	-8.10	-0.41	-5.06	-2.04	-6.50	-6.72	-7.91	-0.61	-7.62	-8.81	1.93	-9.14	-7.63	-4.14	-7.43	-6.53	-8.14	-1.57	-7.43	-7.30	-8.94	-5.52	-7.17	-6.64	-8.75	-20.00	-4.84	-4.59	-7.51	-8.75	-7.34	-8.75	-8.75	-8.75	-8.75
b	-5.08	-2.88	0.00	-6.15	-6.77	-4.24	-3.41	-21.88	0.00	-4.25	-2.13	-4.36	-1.51	-1.17	-4.78	-8.28	-1.56	-7.32	-1.26	-2.43	-2.04	-7.99	0.10	-0.56	-9.14	3.76	-2.40	-2.26	-2.26	-3.34	-1.79	-8.38	1.21	0.00	0.46	-4.13	-3.04	-2.53	-8.75	-20.00	-1.43	-2.79	-5.72	-8.75	-0.65	-8.75	-8.75	-8.75	-8.75
c	-1.97	-5.64	0.00	-5.74	-5.27	-3.43	2.09	-21.88	0.00	0.78	1.50	-0.03	-2.80	-6.47	-4.44	-6.77	-2.29	-4.80	0.61	-1.69	-1.42	-6.48	-4.31	-3.11	-7.63	-2.40	4.43	-0.56	-0.98	0.95	0.08	-6.88	-2.18	-4.68	-2.17	-1.71	-3.40	0.40	-8.75	-20.00	0.37	-1.29	-2.01	-8.75	-1.15	-8.75	-8.75	-8.75	-8.75
x	-2.95	-1.91	0.44	-5.11	-5.33	2.99	-0.47	-21.88	0.00	-1.71	-1.83	1.53	-0.84	-6.53	-1.24	-6.83	1.48	-6.16	-1.32	0.10	-2.30	-6.54	-1.48	-0.11	-4.14	-2.26	-0.56	4.20	-0.80	-0.34	-1.57	-4.99	-0.17	-1.34	-2.48	1.47	-0.07	-1.07	-8.75	-20.00	-2.99	-1.35	-4.27	-8.75	-0.24	-8.75	-8.75	-8.75	-8.75
y	-1.02	-1.67	0.44	-2.69	-5.29	-0.58	-1.49	-21.88	0.00	0.41	0.33	-1.29	-0.62	-3.28	-1.96	-7.49	-0.74	-0.52	1.26	-2.30	-1.89	-4.02	-5.03	-1.51	-7.43	-2.26	-0.98	-0.80	3.04	0.26	-3.25	-2.85	-3.46	-1.43	-2.98	-1.31	-1.59	-2.72	-8.75	-20.00	-1.85	-0.50	0.70	-8.75	-0.83	-8.75	-8.75	-8.75	-8.75
z	-2.06	-2.45	0.00	-5.33	-3.24	-3.01	-1.89	-21.88	0.00	2.39	0.89	-1.56	-0.42	-4.67	-2.25	-4.57	-0.91	-3.53	2.50	-3.46	0.46	-6.07	-1.95	-1.00	-6.53	-3.34	0.95	-0.34	0.26	5.20	-1.34	-4.07	-1.41	-2.60	-5.22	-3.60	-0.06	0.46	-8.75	-20.00	-0.02	-0.87	-1.49	-8.75	-4.72	-8.75	-8.75	-8.75	-8.75
t	0.98	-2.38	0.00	-7.17	-7.39	-5.55	0.44	-21.88	0.00	-2.67	-1.40	-2.48	-1.02	-3.38	-2.30	-8.89	-1.70	-6.54	-2.43	-0.97	0.38	-7.91	-2.74	-3.07	-8.14	-1.79	0.08	-1.57	-3.25	-1.34	3.40	-9.00	-2.69	-4.68	-1.65	-0.22	-1.76	-0.68	-8.75	-20.00	0.60	-3.41	-2.69	-8.75	-0.35	-8.75	-8.75	-8.75	-8.75
u	-6.13	-4.50	-8.31	-0.12	-1.79	-5.28	-7.16	-21.88	0.00	-5.30	-6.26	-6.32	-6.74	-9.01	-6.89	0.70	-6.29	-1.03	-6.44	-8.37	-8.26	-1.89	-5.25	-8.06	-1.57	-8.38	-6.88	-4.99	-2.85	-4.07	-9.00	2.70	-3.74	-0.30	-6.80	-6.56	-8.72	-8.37	-8.75	-20.00	-5.47	-3.84	-6.07	-8.75	-3.70	-8.75	-8.75	-8.75	-8.75
v	-3.38	-2.00	0.00	-4.45	-5.07	-2.13	-3.72	-21.88	0.00	-1.45	-2.82	-3.57	-2.94	-2.44	-3.71	-3.58	-0.31	-5.21	-3.70	-2.14	-1.16	-6.28	2.02	-2.14	-7.43	1.21	-2.18	-0.17	-3.46	-1.41	-2.69	-3.74	4.74	1.19	-1.22	-3.81	-3.58	-3.06	-8.75	-20.00	-2.03	-1.09	-4.01	-8.75	-3.55	-8.75	-8.75	-8.75	-8.75
w	-1.63	-2.79	0.00	-4.15	-6.03	-1.14	-6.07	-21.88	0.00	-2.41	-4.47	-5.92	-2.11	-2.77	-4.46	-2.87	-0.49	-6.57	-2.21	-3.13	-2.96	-6.33	-0.83	-1.43	-7.30	0.00	-4.68	-1.34	-1.43	-2.60	-4.68	-0.30	1.19	3.20	-2.10	-1.48	-3.70	-4.79	-8.75	-20.00	-1.98	-2.74	-2.05	-8.75	0.01	-8.75	-8.75	-8.75	-8.75
p	-4.88	-2.57	0.00	-5.95	-6.57	-4.73	-2.66	-21.88	0.00	-4.05	-1.17	-4.38	-0.86	-0.74	-4.16	-8.08	-1.66	-8.50	-4.51	-1.67	-3.68	-7.79	0.43	-1.87	-8.94	0.46	-2.17	-2.48	-2.98	-5.22	-1.65	-6.80	-1.22	-2.10	3.60	-1.63	-3.82	-2.48	-8.75	-20.00	-3.13	-2.59	-4.13	-8.75	-2.71	-8.75	-8.75	-8.75	-8.75
q	-3.26	-0.54	0.00	-3.82	-3.85	3.70	-3.60	-21.88	0.00	-2.43	-3.39	-2.53	-1.64	-0.39	-4.12	-5.76	-1.26	-6.19	-3.58	1.19	-1.75	-6.17	-4.00	0.81	-5.52	-4.13	-1.71	1.47	-1.31	-3.60	-0.22	-6.56	-3.81	-1.48	-1.63	5.20	-1.89	-0.71	-8.75	-20.00	-2.61	-0.97	-3.20	-8.75	2.74	-8.75	-8.75	-8.75	-8.75
r	-1.02	-2.72	0.00	-4.95	-7.11	-0.24	-3.37	-21.88	0.00	-0.93	-2.09	-2.70	0.75	-3.89	-1.67	-8.62	0.15	-5.55	-1.79	-3.36	0.83	-8.33	-3.76	-0.40	-7.17	-3.04	-3.40	-0.07	-1.59	-0.06	-1.76	-8.72	-3.58	-3.70	-3.82	-1.89	2.93	-1.85	-8.75	-20.00	-1.93	-3.13	-3.49	-8.75	-1.20	-8.75	-8.75	-8.75	-8.75
s	-0.37	-2.30	0.00	-3.34	-6.76	-3.13	0.24	-21.88	0.00	-2.04	-1.87	1.56	-1.69	-2.90	-2.56	-8.26	0.37	-6.05	-0.81	-1.27	-0.85	-7.97	-1.83	-1.10	-6.64	-2.53	0.40	-1.07	-2.72	0.46	-0.68	-8.37	-3.06	-4.79	-2.48	-0.71	-1.85	3.48	-8.75	-20.00	0.91	-2.78	-3.75	-8.75	-0.93	-8.75	-8.75	-8.75	-8.75
+	-8.75	-8.75	-8.75	-8.75	-8.75	-8.75	-8.75	-21.88	-2.19	-8.75	-8.75	-8.75	-8.75	-8.75	-8.75	-8.75	-8.75	-8.75	-8.75	-8.75	-8.75	-8.75	-8.75	-8.75	-8.75	-8.75	-8.75	-8.75	-8.75	-8.75	-8.75	-8.75	-8.75	-8.75	-8.75	-8.75	-8.75	-8.75	0.00	-20.00	-8.75	-8.75	-8.75	-8.75	-8.75	-8.75	-8.75	-8.75	-8.75
!	-20.00	-20.00	-20.00	-20.00	-20.00	-20.00	-20.00	-20.00	-20.00	-20.00	-20.00	-20.00	-20.00	-20.00	-20.00	-20.00	-20.00	-20.00	-20.00	-20.00	-20.00	-20.00	-20.00	-20.00	-20.00	-20.00	-20.00	-20.00	-20.00	-20.00	-20.00	-20.00	-20.00	-20.00	-20.00	-20.00	-20.00	-20.00	-20.00	-20.00	-20.00	-20.00	-20.00	-20.00	-20.00	-20.00	-20.00	-20.00	-20.00
8	1.86	-3.13	0.00	-1.25	-3.86	-1.33	-3.20	-21.88	0.00	-1.34	-1.61	-3.05	-1.68	-3.45	-4.24	-4.27	-1.65	-5.10	-1.79	-1.85	1.03	-4.38	-1.81	-4.10	-4.84	-1.43	0.37	-2.99	-1.85	-0.02	0.60	-5.47	-2.03	-1.98	-3.13	-2.61	-1.93	0.91	-8.75	-20.00	4.55	0.12	-2.11	-8.75	-3.73	-8.75	-8.75	-8.75	-8.75
4	-0.54	-1.90	-8.75	-2.70	-2.23	-0.39	-1.57	-21.88	-8.75	0.29	-0.67	-1.42	-3.09	-3.43	-0.33	-3.73	-2.65	-4.16	-0.85	-3.47	-1.28	-3.44	-1.27	-2.47	-4.59	-2.79	-1.29	-1.35	-0.50	-0.87	-3.41	-3.84	-1.09	-2.74	-2.59	-0.97	-3.13	-2.78	-8.75	-20.00	0.12	4.97	0.62	2.19	-2.10	2.19	2.19	2.19	2.19
5	-0.20	-0.45	-8.75	-3.68	-5.15	-3.31	0.69	-21.88	-8.75	-1.24	-1.80	-4.34	-3.02	-2.91	0.32	-6.65	-2.28	-4.68	-0.94	-3.06	-2.95	-6.36	-4.19	-4.29	-7.51	-5.72	-2.01	-4.27	0.70	-1.49	-2.69	-6.07	-4.01	-2.05	-4.13	-3.20	-3.49	-3.75	-8.75	-20.00	-2.11	0.62	4.20	2.19	-3.41	2.19	2.19	2.19	2.19
6	-8.75	-8.75	-8.75	-8.75	-8.75	-8.75	-8.75	-21.88	-8.75	-8.75	-8.75	-8.75	-8.75	-8.75	-8.75	-8.75	-8.75	-8.75	-8.75	-8.75	-8.75	-8.75	-8.75	-8.75	-8.75	-8.75	-8.75	-8.75	-8.75	-8.75	-8.75	-8.75	-8.75	-8.75	-8.75	-8.75	-8.75	-8.75	-8.75	-20.00	-8.75	2.19	2.19	4.38	-8.75	2.19	2.19	2.19	2.19
7	-0.75	-0.12	0.00	-3.78	-6.08	0.50	-1.33	-21.88	0.00	-1.76	-4.52	-3.66	-0.90	-1.35	-1.18	-4.08	0.64	-4.16	0.14	0.20	-1.37	-5.21	-1.51	0.00	-7.34	-0.65	-1.15	-0.24	-0.83	-4.72	-0.35	-3.70	-3.55	0.01	-2.71	2.74	-1.20	-0.93	-8.75	-20.00	-3.73	-2.10	-3.41	-8.75	3.75	-8.75	-8.75	-8.75	-8.75
0	-8.75	-8.75	-8.75	-8.75	-8.75	-8.75	-8.75	-21.88	-8.75	-8.75	-8.75	-8.75	-8.75	-8.75	-8.75	-8.75	-8.75	-8.75	-8.75	-8.75	-8.75	-8.75	-8.75	-8.75	-8.75	-8.75	-8.75	-8.75	-8.75	-8.75	-8.75	-8.75	-8.75	-8.75	-8.75	-8.75	-8.75	-8.75	-8.75	-20.00	-8.75	2.19	2.19	2.19	-8.75	4.38	2.19	2.19	2.19
1	-8.75	-8.75	-8.75	-8.75	-8.75	-8.75	-8.75	-21.88	-8.75	-8.75	-8.75	-8.75	-8.75	-8.75	-8.75	-8.75	-8.75	-8.75	-8.75	-8.75	-8.75	-8.75	-8.75	-8.75	-8.75	-8.75	-8.75	-8.75	-8.75	-8.75	-8.75	-8.75	-8.75	-8.75	-8.75	-8.75	-8.75	-8.75	-8.75	-20.00	-8.75	2.19	2.19	2.19	-8.75	2.19	4.38	2.19	2.19
2	-8.75	-8.75	-8.75	-8.75	-8.75	-8.75	-8.75	-21.88	-8.75	-8.75	-8.75	-8.75	-8.75	-8.75	-8.75	-8.75	-8.75	-8.75	-8.75	-8.75	-8.75	-8.75	-8.75	-8.75	-8.75	-8.75	-8.75	-8.75	-8.75	-8.75	-8.75	-8.75	-8.75	-8.75	-8.75	-8.75	-8.75	-8.75	-8.75	-20.00	-8.75	2.19	2.19	2.19	-8.75	2.19	2.19	4.38	2.19
3	-8.75	-8.75	-8.75	-8.75	-8.75	-8.75	-8.75	-21.88	-8.75	-8.75	-8.75	-8.75	-8.75	-8.75	-8.75	-8.75	-8.75	-8.75	-8.75	-8.75	-8.75	-8.75	-8.75	-8.75	-8.75	-8.75	-8.75	-8.75	-8.75	-8.75	-8.75	-8.75	-8.75	-8.75	-8.75	-8.75	-8.75	-8.75	-8.75	-20.00	-8.75	2.19	2.19	2.19	-8.75	2.19	2.19	2.19	4.38
