5	3.99	0.90	-4.26	2.19	2.19	2.19	2.19	2.19	-4.38	-20.00	-8.75	-4.41	-5.89	-21.88	-8.75	-3.49	-6.68	-4.74	-3.37	-2.62	0.16	-4.90	-8.75	-8.32	-6.76	-6.25	-5.57	-5.47	-7.03	-7.26	-4.18	-1.05	-5.84	-2.54	-7.93	-3.52	-5.49	-5.75	-9.06	-5.75	-7.22	-5.96	-5.26	-8.22	-0.25	-8.64	-5.44	-7.92	-2.19
4	0.90	5.27	-3.43	2.19	2.19	2.19	2.19	2.19	-0.14	-20.00	-8.75	-1.97	-2.75	-21.88	-8.75	-1.04	-3.54	-1.60	-2.87	-1.79	-3.94	-4.07	-8.75	-5.18	-4.72	-3.12	-2.43	-2.33	-3.89	-4.12	-4.48	-3.83	-2.70	-2.18	-4.79	-3.91	-3.74	-2.61	-5.92	-2.61	-4.08	-4.77	-4.42	-5.08	-1.54	-5.50	-3.68	-4.78	-2.15
7	-4.26	-3.43	3.70	-8.75	-8.75	-8.75	-8.75	-8.75	-4.20	-20.00	-8.75	-6.03	-5.43	-21.88	0.00	-4.01	-5.66	-0.08	-4.86	-2.11	-1.26	-7.44	0.00	-9.24	-0.65	-0.15	-5.40	2.27	-3.12	-1.35	-2.33	-1.95	-0.36	-4.45	-8.85	-2.86	-0.88	-4.73	-5.04	-6.67	-1.48	-2.25	-2.04	-5.27	-2.65	-5.85	1.17	-0.23	-3.37
6	2.19	2.19	-8.75	4.38	2.19	2.19	2.19	2.19	-8.75	-20.00	-8.75	-8.75	-8.75	-21.88	-8.75	-8.75	-8.75	-8.75	-8.75	-8.75	-8.75	-8.75	-8.75	-8.75	-8.75	-8.75	-8.75	-8.75	-8.75	-8.75	-8.75	-8.75	-8.75	-8.75	-8.75	-8.75	-8.75	-8.75	-8.75	-8.75	-8.75	-8.75	-8.75	-8.75	-8.75	-8.75	-8.75	-8.75	-8.75
1	2.19	2.19	-8.75	2.19	4.38	2.19	2.19	2.19	-8.75	-20.00	-8.75	-8.75	-8.75	-21.88	-8.75	-8.75	-8.75	-8.75	-8.75	-8.75	-8.75	-8.75	-8.75	-8.75	-8.75	-8.75	-8.75	-8.75	-8.75	-8.75	-8.75	-8.75	-8.75	-8.75	-8.75	-8.75	-8.75	-8.75	-8.75	-8.75	-8.75	-8.75	-8.75	-8.75	-8.75	-8.75	-8.75	-8.75	-8.75
0	2.19	2.19	-8.75	2.19	2.19	4.38	2.19	2.19	-8.75	-20.00	-8.75	-8.75	-8.75	-21.88	-8.75	-8.75	-8.75	-8.75	-8.75	-8.75	-8.75	-8.75	-8.75	-8.75	-8.75	-8.75	-8.75	-8.75	-8.75	-8.75	-8.75	-8.75	-8.75	-8.75	-8.75	-8.75	-8.75	-8.75	-8.75	-8.75	-8.75	-8.75	-8.75	-8.75	-8.75	-8.75	-8.75	-8.75	-8.75
3	2.19	2.19	-8.75	2.19	2.19	2.19	4.38	2.19	-8.75	-20.00	-8.75	-8.75	-8.75	-21.88	-8.75	-8.75	-8.75	-8.75	-8.75	-8.75	-8.75	-8.75	-8.75	-8.75	-8.75	-8.75	-8.75	-8.75	-8.75	-8.75	-8.75	-8.75	-8.75	-8.75	-8.75	-8.75	-8.75	-8.75	-8.75	-8.75	-8.75	-8.75	-8.75	-8.75	-8.75	-8.75	-8.75	-8.75	-8.75
2	2.19	2.19	-8.75	2.19	2.19	2.19	2.19	4.38	-8.75	-20.00	-8.75	-8.75	-8.75	-21.88	-8.75	-8.75	-8.75	-8.75	-8.75	-8.75	-8.75	-8.75	-8.75	-8.75	-8.75	-8.75	-8.75	-8.75	-8.75	-8.75	-8.75	-8.75	-8.75	-8.75	-8.75	-8.75	-8.75	-8.75	-8.75	-8.75	-8.75	-8.75	-8.75	-8.75	-8.75	-8.75	-8.75	-8.75	-8.75
8	-4.38	-0.14	-4.20	-8.75	-8.75	-8.75	-8.75	-8.75	4.29	-20.00	-8.75	0.41	-2.83	-21.88	0.00	-0.43	-4.72	-3.47	-2.35	1.22	0.09	-5.25	0.00	-7.05	-0.00	-5.68	-3.21	-3.51	-5.76	0.65	-0.79	1.01	-3.88	1.70	-5.28	1.14	-1.74	-2.88	-7.79	-0.39	-5.95	-6.64	-0.18	-6.96	-2.98	-2.85	-2.26	-5.96	-0.65
!	-20.00	-20.00	-20.00	-20.00	-20.00	-20.00	-20.00	-20.00	-20.00	-20.00	-20.00	-20.00	-20.00	-20.00	-20.00	-20.00	-20.00	-20.00	-20.00	-20.00	-20.00	-20.00	-20.00	-20.00	-20.00	-20.00	-20.00	-20.00	-20.00	-20.00	-20.00	-20.00	-20.00	-20.00	-20.00	-20.00	-20.00	-20.00	-20.00	-20.00	-20.00	-20.00	-20.00	-20.00	-20.00	-20.00	-20.00	-20.00	-20.00
+	-8.75	-8.75	-8.75	-8.75	-8.75	-8.75	-8.75	-8.75	-8.75	-20.00	0.00	-8.75	-8.75	-21.88	-2.19	-8.75	-8.75	-8.75	-8.75	-8.75	-8.75	-8.75	-8.75	-8.75	-8.75	-8.75	-8.75	-8.75	-8.75	-8.75	-8.75	-8.75	-8.75	-8.75	-8.75	-8.75	-8.75	-8.75	-8.75	-8.75	-8.75	-8.75	-8.75	-8.75	-8.75	-8.75	-8.75	-8.75	-8.75
T	-4.41	-1.97	-6.03	-8.75	-8.75	-8.75	-8.75	-8.75	0.41	-20.00	-8.75	3.46	0.74	-21.88	0.00	0.97	-6.15	-3.51	1.22	-1.35	-5.84	-6.67	0.00	-7.78	0.02	-6.41	-4.34	-3.55	-6.49	-0.18	-4.88	-1.67	-2.67	-0.02	-7.40	0.18	-4.04	-5.21	-8.52	1.31	-6.68	-6.68	-0.83	-7.69	-6.95	-8.10	-5.59	-1.63	1.47
S	-5.89	-2.75	-5.43	-8.75	-8.75	-8.75	-8.75	-8.75	-2.83	-20.00	-8.75	0.74	4.43	-21.88	0.00	1.23	-6.93	-2.15	0.97	-2.18	-7.32	-7.45	0.00	-7.18	-4.08	-7.19	-5.82	-3.77	-6.58	1.18	-5.67	-5.14	1.14	-0.62	-8.18	-5.91	-7.13	-5.31	-9.31	-2.47	-7.46	-6.55	-6.42	-8.47	-7.04	-8.89	-0.96	-2.79	-0.02
_	-21.88	-21.88	-21.88	-21.88	-21.88	-21.88	-21.88	-21.88	-21.88	-20.00	-21.88	-21.88	-21.88	0.00	-21.88	-21.88	-21.88	-21.88	-21.88	-21.88	-21.88	-21.88	-21.88	-21.88	-21.88	-21.88	-21.88	-21.88	-21.88	-21.88	-21.88	-21.88	-21.88	-21.88	-21.88	-21.88	-21.88	-21.88	-21.88	-21.88	-21.88	-21.88	-21.88	-21.88	-21.88	-21.88	-21.88	-21.88	-21.88
X	-8.75	-8.75	0.00	-8.75	-8.75	-8.75	-8.75	-8.75	0.00	-20.00	-2.19	0.00	0.00	-21.88	0.00	0.00	0.00	0.00	0.00	0.00	0.00	0.00	0.00	0.00	0.00	0.00	0.00	0.00	0.00	0.00	0.00	0.00	0.00	0.00	0.00	0.00	0.00	0.00	0.00	0.00	0.00	0.00	0.00	0.00	0.00	0.00	0.00	0.00	0.00
Z	-3.49	-1.04	-4.01	-8.75	-8.75	-8.75	-8.75	-8.75	-0.43	-20.00	-8.75	0.97	1.23	-21.88	0.00	4.87	-5.22	-1.67	0.64	2.62	-5.61	-5.75	0.00	-6.86	-3.26	-4.79	-4.11	-4.01	-5.57	-2.30	-1.26	0.08	-2.77	1.98	-6.47	0.48	0.30	-4.29	-7.60	0.30	-5.75	-6.45	0.00	-6.76	-4.64	-7.18	-0.40	-6.46	3.52
E	-6.68	-3.54	-5.66	-8.75	-8.75	-8.75	-8.75	-8.75	-4.72	-20.00	-8.75	-6.15	-6.93	-21.88	0.00	-5.22	2.43	-5.78	-7.05	-5.97	-8.11	-0.58	-8.31	-3.06	-8.90	-7.99	-6.61	-6.51	-8.07	-8.30	-8.65	-8.01	-6.88	-6.36	0.31	-8.09	-7.92	-6.79	-0.06	-6.79	-8.25	-8.95	-8.60	-1.46	-9.22	-1.21	-7.86	-8.96	-6.32
G	-4.74	-1.60	-0.08	-8.75	-8.75	-8.75	-8.75	-8.75	-3.47	-20.00	-8.75	-3.51	-2.15	-21.88	0.00	-1.67	-5.78	5.53	-4.01	-4.02	-3.68	-6.30	0.00	-7.41	-6.95	-2.07	-1.67	4.16	-6.12	-2.44	-0.21	-2.17	3.58	-0.91	-7.03	0.89	-0.18	-3.75	-8.15	-4.15	-4.52	-6.31	-1.17	-7.32	-7.27	-7.73	1.21	-0.32	-0.98
C	-3.37	-2.87	-4.86	-8.75	-8.75	-8.75	-8.75	-8.75	-2.35	-20.00	-8.75	1.22	0.97	-21.88	0.00	0.64	-7.05	-4.01	4.13	-2.52	-7.44	-6.88	0.00	-8.69	0.51	-5.52	-5.94	-5.84	-7.40	0.96	-4.81	-3.18	-2.05	-0.62	-8.30	-0.14	-5.46	-6.12	-9.43	1.96	-4.59	-8.28	-1.99	-8.59	-7.16	-9.01	-3.73	-0.59	1.72
L	-2.62	-1.79	-2.11	-8.75	-8.75	-8.75	-8.75	-8.75	1.22	-20.00	-8.75	-1.35	-2.18	-21.88	0.00	2.62	-5.97	-4.02	-2.52	4.64	-0.12	-6.49	0.00	-7.60	-1.69	-4.44	-4.86	-2.36	-5.21	-5.45	-1.23	-1.25	-1.95	-2.20	-7.21	-0.75	-3.60	-5.03	-8.34	-0.78	-6.50	-5.80	1.61	-7.51	-2.45	-7.92	-4.50	-3.44	-0.36
N	0.16	-3.94	-1.26	-8.75	-8.75	-8.75	-8.75	-8.75	0.09	-20.00	-8.75	-5.84	-7.32	-21.88	0.00	-5.61	-8.11	-3.68	-7.44	-0.12	3.81	-8.64	2.19	-9.75	-3.92	-3.96	-4.17	-0.86	-6.15	-8.69	-3.28	-3.48	-1.15	-4.45	-6.65	-2.14	-0.60	-5.39	-10.49	-7.18	-5.24	-0.90	-0.49	-9.65	1.00	-6.81	-1.45	-1.23	-1.57
I	-4.90	-4.07	-7.44	-8.75	-8.75	-8.75	-8.75	-8.75	-5.25	-20.00	-8.75	-6.67	-7.45	-21.88	0.00	-5.75	-0.58	-6.30	-6.88	-6.49	-8.64	2.32	-8.31	-0.67	-8.73	-8.51	-6.44	-5.09	-8.59	-7.03	-8.49	-5.17	-7.40	-5.78	-0.77	-8.61	-8.44	-6.62	-0.24	-7.31	-7.39	-9.47	-9.12	-0.39	-8.64	-1.19	-8.38	-7.40	-5.24
H	-8.75	-8.75	0.00	-8.75	-8.75	-8.75	-8.75	-8.75	0.00	-20.00	-8.75	0.00	0.00	-21.88	0.00	0.00	-8.31	0.00	0.00	0.00	2.19	-8.31	10.00	-8.31	0.00	0.00	0.00	0.00	0.00	0.00	0.00	0.44	0.44	0.00	-8.31	0.00	0.00	0.00	-8.31	0.00	0.00	0.44	0.44	-8.31	3.94	-8.31	0.00	0.00	0.00
u	-8.32	-5.18	-9.24	-8.75	-8.75	-8.75	-8.75	-8.75	-7.05	-20.00	-8.75	-7.78	-7.18	-21.88	0.00	-6.86	-3.06	-7.41	-8.69	-7.60	-9.75	-0.67	-8.31	3.04	-10.53	-1.27	-6.30	-5.66	-9.70	-9.93	-10.29	-9.65	-8.51	-7.99	-2.68	-9.72	-9.55	-8.42	-3.07	-8.42	-9.89	-10.58	-8.63	0.54	-10.85	-1.56	-9.50	-8.98	-7.96
t	-6.76	-4.72	-0.65	-8.75	-8.75	-8.75	-8.75	-8.75	-0.00	-20.00	-8.75	0.02	-4.08	-21.88	0.00	-3.26	-8.90	-6.95	0.51	-1.69	-3.92	-8.73	0.00	-10.53	3.79	-7.37	-2.38	-1.19	-7.30	-0.55	-2.49	-7.40	-3.16	-2.42	-8.76	-0.40	-8.00	-2.09	-9.08	-0.05	-6.00	-4.95	-3.84	-10.44	-2.53	-10.86	-3.90	-1.25	-3.84
w	-6.25	-3.12	-0.15	-8.75	-8.75	-8.75	-8.75	-8.75	-5.68	-20.00	-8.75	-6.41	-7.19	-21.88	0.00	-4.79	-7.99	-2.07	-5.52	-4.44	-3.96	-8.51	0.00	-1.27	-7.37	2.97	1.51	-0.94	-2.23	-2.92	-5.42	-4.67	-1.67	-6.62	-9.24	-3.91	-2.39	0.06	-10.36	-7.05	0.97	-6.73	-2.93	-5.81	-7.00	-9.94	-0.13	-1.90	-3.95
v	-5.57	-2.43	-5.40	-8.75	-8.75	-8.75	-8.75	-8.75	-3.21	-20.00	-8.75	-4.34	-5.82	-21.88	0.00	-4.11	-6.61	-1.67	-5.94	-4.86	-4.17	-6.44	0.00	-6.30	-2.38	1.51	4.43	-5.40	-0.52	-6.09	-5.15	-4.60	-3.47	-4.15	-7.86	-5.19	-3.92	2.17	-8.99	-4.29	2.46	-5.64	-7.49	-6.54	-8.11	-7.47	0.23	-4.90	-5.21
q	-5.47	-2.33	2.27	-8.75	-8.75	-8.75	-8.75	-8.75	-3.51	-20.00	-8.75	-3.55	-3.77	-21.88	0.00	-4.01	-6.51	4.16	-5.84	-2.36	-0.86	-5.09	0.00	-5.66	-1.19	-0.94	-5.40	5.29	-2.52	-2.80	-4.96	-2.26	1.75	-5.15	-7.76	-3.88	0.29	-5.58	-6.18	-5.58	-7.04	-1.18	-1.45	-7.36	-3.59	-8.47	0.46	0.91	-4.01
p	-7.03	-3.89	-3.12	-8.75	-8.75	-8.75	-8.75	-8.75	-5.76	-20.00	-8.75	-6.49	-6.58	-21.88	0.00	-5.57	-8.07	-6.12	-7.40	-5.21	-6.15	-8.59	0.00	-9.70	-7.30	-2.23	-0.52	-2.52	3.41	-5.81	-9.00	-8.36	-3.08	-6.70	-9.31	-7.74	-6.32	1.21	-10.44	-7.13	0.44	-0.81	-5.45	-9.61	-5.21	-10.02	-1.50	-5.90	-6.67
s	-7.26	-4.12	-1.35	-8.75	-8.75	-8.75	-8.75	-8.75	0.65	-20.00	-8.75	-0.18	1.18	-21.88	0.00	-2.30	-8.30	-2.44	0.96	-5.45	-8.69	-7.03	0.00	-9.93	-0.55	-2.92	-6.09	-2.80	-5.81	3.71	-3.69	-4.85	-2.35	0.34	-9.55	-0.18	-5.55	-2.26	-10.68	-0.21	-8.14	-5.72	-1.97	-9.84	-6.96	-10.26	1.21	-4.31	0.15
r	-4.18	-4.48	-2.33	-8.75	-8.75	-8.75	-8.75	-8.75	-0.79	-20.00	-8.75	-4.88	-5.67	-21.88	0.00	-1.26	-8.65	-0.21	-4.81	-1.23	-3.28	-8.49	0.00	-10.29	-2.49	-5.42	-5.15	-4.96	-9.00	-3.69	2.78	-2.54	-1.51	-1.23	-9.90	0.90	-0.28	-5.93	-11.03	-6.34	-9.19	-5.52	1.04	-10.20	-3.96	-10.61	-1.12	-7.00	-2.32
y	-1.05	-3.83	-1.95	-8.75	-8.75	-8.75	-8.75	-8.75	1.01	-20.00	-8.75	-1.67	-5.14	-21.88	0.00	0.08	-8.01	-2.17	-3.18	-1.25	-3.48	-5.17	0.44	-9.65	-7.40	-4.67	-4.60	-2.26	-8.36	-4.85	-2.54	3.08	-2.20	-0.49	-5.04	-1.89	-2.31	-4.19	-10.39	-2.00	-4.54	-8.54	-1.33	-9.55	-3.01	-0.78	-1.31	-2.98	0.96
x	-5.84	-2.70	-0.36	-8.75	-8.75	-8.75	-8.75	-8.75	-3.88	-20.00	-8.75	-2.67	1.14	-21.88	0.00	-2.77	-6.88	3.58	-2.05	-1.95	-1.15	-7.40	0.44	-8.51	-3.16	-1.67	-3.47	1.75	-3.08	-2.35	-1.51	-2.20	4.01	-2.34	-8.13	-1.52	-0.40	-1.94	-9.26	-5.95	-3.10	-8.11	-1.31	-8.42	-4.79	-8.84	0.98	0.26	-3.00
z	-2.54	-2.18	-4.45	-8.75	-8.75	-8.75	-8.75	-8.75	1.70	-20.00	-8.75	-0.02	-0.62	-21.88	0.00	1.98	-6.36	-0.91	-0.62	-2.20	-4.45	-5.78	0.00	-7.99	-2.42	-6.62	-4.15	-5.15	-6.70	0.34	-1.23	-0.49	-2.34	4.77	-7.61	0.67	-2.53	-4.04	-8.73	1.39	-6.89	-7.58	-0.77	-7.90	-3.17	-8.31	-1.81	-7.59	2.09
e	-7.93	-4.79	-8.85	-8.75	-8.75	-8.75	-8.75	-8.75	-5.28	-20.00	-8.75	-7.40	-8.18	-21.88	0.00	-6.47	0.31	-7.03	-8.30	-7.21	-6.65	-0.77	-8.31	-2.68	-8.76	-9.24	-7.86	-7.76	-9.31	-9.55	-9.90	-5.04	-8.13	-7.61	2.12	-9.34	-9.17	-8.04	-0.87	-8.04	-9.50	-10.20	-9.85	-1.46	-7.76	-0.47	-9.11	-10.21	-6.47
d	-3.52	-3.91	-2.86	-8.75	-8.75	-8.75	-8.75	-8.75	1.14	-20.00	-8.75	0.18	-5.91	-21.88	0.00	0.48	-8.09	0.89	-0.14	-0.75	-2.14	-8.61	0.00	-9.72	-0.40	-3.91	-5.19	-3.88	-7.74	-0.18	0.90	-1.89	-1.52	0.67	-9.34	3.72	-1.62	-5.21	-10.47	-0.48	-4.45	-9.31	1.38	-9.63	-3.01	-10.05	-2.15	-5.21	1.95
g	-5.49	-3.74	-0.88	-8.75	-8.75	-8.75	-8.75	-8.75	-1.74	-20.00	-8.75	-4.04	-7.13	-21.88	0.00	0.30	-7.92	-0.18	-5.46	-3.60	-0.60	-8.44	0.00	-9.55	-8.00	-2.39	-3.92	0.29	-6.32	-5.55	-0.28	-2.31	-0.40	-2.53	-9.17	-1.62	2.86	-5.38	-10.30	-4.34	-2.72	-6.37	-0.68	-9.46	-4.08	-9.87	-1.25	-0.19	-1.56
f	-5.75	-2.61	-4.73	-8.75	-8.75	-8.75	-8.75	-8.75	-2.88	-20.00	-8.75	-5.21	-5.31	-21.88	0.00	-4.29	-6.79	-3.75	-6.12	-5.03	-5.39	-6.62	0.00	-8.42	-2.09	0.06	2.17	-5.58	1.21	-2.26	-5.93	-4.19	-1.94	-4.04	-8.04	-5.21	-5.38	4.42	-9.17	-3.91	1.55	-4.19	-7.67	-8.33	-5.98	-8.75	1.19	-3.61	-5.39
a	-9.06	-5.92	-5.04	-8.75	-8.75	-8.75	-8.75	-8.75	-7.79	-20.00	-8.75	-8.52	-9.31	-21.88	0.00	-7.60	-0.06	-8.15	-9.43	-8.34	-10.49	-0.24	-8.31	-3.07	-9.08	-10.36	-8.99	-6.18	-10.44	-10.68	-11.03	-10.39	-9.26	-8.73	-0.87	-10.47	-10.30	-9.17	2.06	-9.17	-10.63	-10.63	-10.98	-0.55	-11.60	-2.73	-10.24	-11.34	-8.70
c	-5.75	-2.61	-6.67	-8.75	-8.75	-8.75	-8.75	-8.75	-0.39	-20.00	-8.75	1.31	-2.47	-21.88	0.00	0.30	-6.79	-4.15	1.96	-0.78	-7.18	-7.31	0.00	-8.42	-0.05	-7.05	-4.29	-5.58	-7.13	-0.21	-6.34	-2.00	-5.95	1.39	-8.04	-0.48	-4.34	-3.91	-9.17	4.11	-7.32	-8.01	-2.50	-8.33	-6.68	-8.75	-3.98	-4.98	0.54
b	-7.22	-4.08	-1.48	-8.75	-8.75	-8.75	-8.75	-8.75	-5.95	-20.00	-8.75	-6.68	-7.46	-21.88	0.00	-5.75	-8.25	-4.52	-4.59	-6.50	-5.24	-7.39	0.00	-9.89	-6.00	0.97	2.46	-7.04	0.44	-8.14	-9.19	-4.54	-3.10	-6.89	-9.50	-4.45	-2.72	1.55	-10.63	-7.32	3.80	-2.32	-2.65	-9.79	-6.86	-10.21	0.05	-3.93	-6.86
m	-5.96	-4.77	-2.25	-8.75	-8.75	-8.75	-8.75	-8.75	-6.64	-20.00	-8.75	-6.68	-6.55	-21.88	0.00	-6.45	-8.95	-6.31	-8.28	-5.80	-0.90	-9.47	0.44	-10.58	-4.95	-6.73	-5.64	-1.18	-0.81	-5.72	-5.52	-8.54	-8.11	-7.58	-10.20	-9.31	-6.37	-4.19	-10.63	-8.01	-2.32	3.14	-6.24	-10.49	-2.31	-10.90	-5.83	-5.57	-6.16
l	-5.26	-4.42	-2.04	-8.75	-8.75	-8.75	-8.75	-8.75	-0.18	-20.00	-8.75	-0.83	-6.42	-21.88	0.00	0.00	-8.60	-1.17	-1.99	1.61	-0.49	-9.12	0.44	-8.63	-3.84	-2.93	-7.49	-1.45	-5.45	-1.97	1.04	-1.33	-1.31	-0.77	-9.85	1.38	-0.68	-7.67	-10.98	-2.50	-2.65	-6.24	3.51	-9.04	-1.53	-7.47	-1.65	-4.13	1.16
o	-8.22	-5.08	-5.27	-8.75	-8.75	-8.75	-8.75	-8.75	-6.96	-20.00	-8.75	-7.69	-8.47	-21.88	0.00	-6.76	-1.46	-7.32	-8.59	-7.51	-9.65	-0.39	-8.31	0.54	-10.44	-5.81	-6.54	-7.36	-9.61	-9.84	-10.20	-9.55	-8.42	-7.90	-1.46	-9.63	-9.46	-8.33	-0.55	-8.33	-9.79	-10.49	-9.04	1.78	-10.76	-3.05	-9.40	-10.50	-7.86
n	-0.25	-1.54	-2.65	-8.75	-8.75	-8.75	-8.75	-8.75	-2.98	-20.00	-8.75	-6.95	-7.04	-21.88	0.00	-4.64	-9.22	-7.27	-7.16	-2.45	1.00	-8.64	3.94	-10.85	-2.53	-7.00	-8.11	-3.59	-5.21	-6.96	-3.96	-3.01	-4.79	-3.17	-7.76	-3.01	-4.08	-5.98	-11.60	-6.68	-6.86	-2.31	-1.53	-10.76	2.37	-7.15	-4.67	-4.76	-4.35
i	-8.64	-5.50	-5.85	-8.75	-8.75	-8.75	-8.75	-8.75	-2.85	-20.00	-8.75	-8.10	-8.89	-21.88	0.00	-7.18	-1.21	-7.73	-9.01	-7.92	-6.81	-1.19	-8.31	-1.56	-10.86	-9.94	-7.47	-8.47	-10.02	-10.26	-10.61	-0.78	-8.84	-8.31	-0.47	-10.05	-9.87	-8.75	-2.73	-8.75	-10.21	-10.90	-7.47	-3.05	-7.15	2.07	-9.82	-10.92	-5.88
h	-5.44	-3.68	1.17	-8.75	-8.75	-8.75	-8.75	-8.75	-2.26	-20.00	-8.75	-5.59	-0.96	-21.88	0.00	-0.40	-7.86	1.21	-3.73	-4.50	-1.45	-8.38	0.00	-9.50	-3.90	-0.13	0.23	0.46	-1.50	1.21	-1.12	-1.31	0.98	-1.81	-9.11	-2.15	-1.25	1.19	-10.24	-3.98	0.05	-5.83	-1.65	-9.40	-4.67	-9.82	2.89	-0.49	-1.50
k	-7.92	-4.78	-0.23	-8.75	-8.75	-8.75	-8.75	-8.75	-5.96	-20.00	-8.75	-1.63	-2.79	-21.88	0.00	-6.46	-8.96	-0.32	-0.59	-3.44	-1.23	-7.40	0.00	-8.98	-1.25	-1.90	-4.90	0.91	-5.90	-4.31	-7.00	-2.98	0.26	-7.59	-10.21	-5.21	-0.19	-3.61	-11.34	-4.98	-3.93	-5.57	-4.13	-10.50	-4.76	-10.92	-0.49	2.68	-5.61
j	-2.19	-2.15	-3.37	-8.75	-8.75	-8.75	-8.75	-8.75	-0.65	-20.00	-8.75	1.47	-0.02	-21.88	0.00	3.52	-6.32	-0.98	1.72	-0.36	-1.57	-5.24	0.00	-7.96	-3.84	-3.95	-5.21	-4.01	-6.67	0.15	-2.32	0.96	-3.00	2.09	-6.47	1.95	-1.56	-5.39	-8.70	0.54	-6.86	-6.16	1.16	-7.86	-4.35	-5.88	-1.50	-5.61	4.82
